2144108978
1812748778
2066348905
346339205
1699912279
2024117876
2033797600
1878388005
1065458273
403431106
769301276
1684404477
1681029807
1178615079
2108817606
1957242105
1381359478
60084409
1234829201
1622875109
779498606
1528616479
1853140276
1087016106
1918414200
140518176
584778207
1629897279
205609375
1985945172
1939547772
163682604
1004285304
1578590003
206141001
2077791578
2025374271
34749976
1285241075
1827491604
296243703
2096530805
2112434576
1833761477
871216579
227541175
605785500
1677211207
1024570505
180221276
1609777409
1158044307
1020406673
1626192173
700481578
1487428874
2100760402
1911161675
1923579678
1053698873
1464760178
1545170702
217892805
549392670
2098454577
279032578
708366175
42710605
484462205
398098301
1992704277
690395470
257492502
2059045702
113525809
1729936900
2128035201
57044206
990821972
553826778
144254109
384413309
783669008
1697046900
978242175
534197576
1228976108
609442472
1582792900
1374313875
956339109
49799507
432302574
1142441605
1175712275
1271445572
487762573
1480530877
349291175
1780896608
1431515504
1394510507
735995200
669421476
525501876
209660972
1641176476
1820205203
885232302
2128992077
791132508
238702271
576305003
1101806879
1528307402
1688259702
1851776403
1308190809
1166537072
2000530507
1537512278
620315107
1584693072
1157117904
894275501
1178204171
1247798003
1468887903
732229976
789926679
1364396604
302546506
256337009
1480750678
193154674
2096164273
2126330571
1525793403
1968732077
680733572
1187203707
543855071
1645595170
1539885374
1724515200
1490513302
102084479
537434506
354911677
1743261079
951951479
548746901
1932274073
1396267371
1065239570
931134901
472576079
2125824878
2009250102
2114970406
422311909
1141387775
1091462774
1809712400
400670773
504105276
1306971676
497257070
2082117701
154041678
1785464008
853901405
958768905
1285532104
316220902
1844778300
169831176
2057785178
1171718671
280322006
1185358505
704375905
2121361775
972074276
1358291909
2072139600
2136268678
1291195601
1698052906
727716376
1022185909
1813792909
1521434401
972128473
1570404670
347917308
941915407
1408514500
363326478
948814674
2073082978
1710655871
912219909
1682217870
2022941578
906561072
1645088470
2015762071
643868808
1241823900
986863273
1510482100
51733100
1508287272
134878275
1139443306
1191176406
801654509
1203418904
1764490403
231975076
1684683505
949125474
237035807
1781007305
109703570
1357763307
593217670
1673341908
1583251404
1836526079
1331681274
110309679
2091552178
1248237170
339805279
426253177
1253160209
1570607703
407826306
1589951309
1223664001
1043369179
1375458772
1512384606
529925372
1028882973
1244881875
2095601202
2084346602
1762902471
110571076
1347483008
1564167577
315729575
1700221976
648084006
181082075
1476511270
1989874606
237862270
747383679
1657085905
1304029809
26041202
325673809
919669777
731016304
237022605
1262230105
193532106
1277444602
2008460907
1022129508
399436877
462346570
1566212378
1596580206
548362276
1072398470
110036705
404451173
1360725172
1644902703
2001031379
972986009
401910008
968877107
644289700
1948587072
1802134804
484724474
1489339202
992556307
446499274
463881802
526089705
1820797200
1503850507
821587400
187118304
2135705377
631822806
1722029901
1983637102
190964400
851658804
160453271
904623379
1289187208
1407073201
675004906
1658123675
2002794209
382345707
1190961673
496511779
940081004
202545474
225581902
1459106605
1009246377
1683657478
1845515874
565525701
1477772571
1704202075
565964804
1296780070
832953900
1944307402
134927003
309837875
1980442878
224219300
210430508
213819773
461356072
2009430902
266808305
1333881907
208061209
1514014477
512810873
1323839871
2009188509
1959855471
1696960406
1163457609
1693969303
1984664603
1694580806
2114849879
1844492404
366122108
1912217506
557198072
494313708
1643096275
2103830301
1529422004
953808872
2001768408
149449507
1147217576
689358005
1029077609
1086125305
1440069671
552065007
698598104
1609444607
1387956109
1119008101
1196838709
78432671
1564819702
756193800
1850371307
144517306
603958309
2120482107
1028260474
956679178
774679006
106247700
285688772
729436609
1743074978
475091375
1339520971
919276300
826777400
837657479
207070577
476326878
1473150106
506140406
1807257902
990763203
981435979
1978093909
990196002
32565206
1358285871
678664870
1350708001
581312401
1034096275
2023261507
1978636703
1162791877
926230309
1507500376
850929576
303402500
2060291378
989440401
592260376
1942968378
418870077
68416871
15995306
933666201
901202576
2096458078
799904006
22738675
1984029509
528604771
692197378
1540616104
1689363603
386667001
1154767905
1963451401
1245775100
679511679
967271407
924273802
2079041707
1202901572
132511008
313315202
117160778
422945071
1626365174
1889304602
583646278
1858343601
670708070
588188003
1387201376
829372806
1075674906
481424674
572775678
855569407
564919375
1454528702
1219297776
1511929202
1150171870
1397590308
1742899006
465735306
1270756374
342570502
1454544708
1920527472
789458978
174706174
799577300
1279481176
1057947507
2146685075
597820600
1737162200
1911868374
1089651272
1538803507
137152572
1092634972
1690455572
1908478100
1124513275
1262541379
1291811401
649255979
1761031577
1283551976
228921570
287628974
721926901
286828208
857464102
247098475
926009676
1572017872
1740273171
1252355677
1933285474
1904014470
177105970
1375886271
2046491302
761283905
2006297408
157214005
1101290804
880766775
589235700
1960459103
1350519605
1890773102
667566677
234334376
1150812500
2141079771
1254783172
1815269171
1598789003
813822372
885156109
1111516577
1220126077
1494481377
953242403
1153738002
1034739607
1322015175
929014108
1659761003
1308432208
1631757672
279930277
1438071105
1433668279
1648569702
1901611179
1066087204
1093082508
2098175200
1944333074
1035551073
883776402
516027178
1885467075
773534500
1891732106
1161061101
1672476079
1112562370
56318676
567836603
426238979
2083478004
783114178
1028531609
294837977
648831804
1549647372
82356707
1482008479
1462889805
1707319371
1923809604
473917675
1134062008
159056005
2989175
1567412370
1318363870
599518474
295430700
1758320505
1589538377
1644685105
1149374101
1583833772
640184777
1251376005
151365202
591891373
1910106877
1741265474
1346457001
1986641778
2123068577
1871238174
435988000
1685031170
1275747075
1903521809
770392371
1946542177
1223666104
1376003074
1659654105
1497609376
1737508806
480335403
1647794379
1296732572
971037477
1852716976
1693462774
1899202205
1480815203
1439503670
829900279
1346126878
1581323871
1163092177
777544503
727367472
390570906
1832455405
95148408
453510201
915589208
1144876571
383682877
727704479
1011866977
1305240903
620724203
536408172
99211073
291805706
758824706
1733627771
1744197909
1955716376
814515606
445966671
1271605602
1410926205
1149333402
1273047102
186412076
1458017678
1954512374
1043518774
329057378
447672573
2146097370
1991976206
1543100606
2063432476
584316979
2034407673
1435530174
2067585478
930101906
1637568104
929144475
660183675
814084400
316469279
937312871
868869205
443093270
1873108875
1505823307
1284807272
1619167673
573839007
402991107
1030278379
1668185300
1149201009
1951533778
1749544276
1995519700
295226477
589452603
222401778
882843900
1060728302
982799978
700946376
131849372
1425734506
1847847004
1033433400
319935307
506870703
1839814400
1901077475
375526702
323828076
254608874
910306078
1773052174
1219194575
1726065278
2069558876
108031807
1200892309
2068996575
851916809
38083971
1786939209
511294400
211104506
724003609
249188478
157443400
209347677
566925074
1790939708
1181776070
361022101
1408286672
1148206502
538262909
810482372
163516278
979013604
262494505
475034708
1979536608
1509384974
1804733076
804162678
1594305772
962030175
373352909
349344707
1485193003
858498172
1935024674
368440974
1187447770
1655700475
1981356909
1334210906
15716671
1311681105
2141079708
1988551209
149471601
1822424471
1144969702
971425472
886599871
1779869272
426233701
1405563473
222281879
1975376478
1950953672
1477686704
907537976
1823083704
1302258204
1533551308
1672462379
41731008
197148875
1601560379
109753476
2118674905
1197053406
1294719006
378084102
359243670
1112861208
1944271904
1732389007
77651107
1793096705
344674603
1480809207
523837874
307257806
1125964978
940331802
599816409
1778964078
2142272000
659598606
24892275
202470670
845668507
125104472
2090684571
1536524807
955131402
1577227370
1391651474
1180448072
702591975
1756139379
1790592607
1118861072
2131295976
349046579
169174371
837591602
1609721800
794962776
778775104
1044265377
830353271
1909186776
662036507
481165700
2090887501
1257657674
524503077
2036432778
1280427703
1989625275
239509674
159561774
128458804
660333903
272982377
1802393970
933202309
689374476
1899716602
578549770
1876443675
418334503
1370944402
998581275
2132735273
908891074
1947079509
196636208
139008507
1738302674
1630930371
525926906
1887129779
2019277075
1308570707
1125044707
1716309575
77189779
454779201
63155577
243629773
1621395001
686577575
1611244274
1850285404
1770305475
148572701
789489204
836643309
496467277
1869100908
916236478
815966578
1517449477
1124008474
1522730801
2098401407
1764308104
1889845908
628280703
1053218472
857416378
1274661009
1705722777
729462578
1633740876
2135352502
267809501
1179281202
1534334977
400956773
2034231005
753725470
1041248405
933917679
1750746106
212214873
2126544371
524473209
552259974
1282936572
356200206
635791607
363798174
682779008
945487701
454041600
910047706
1166816975
2098443079
403646477
1218794870
1264295501
117862071
56391777
1561942474
251762609
1897914703
935124207
1827811173
461355202
618489572
101595171
663789802
1413968700
1101685974
213996176
562644375
102579505
563934708
221159671
1658673105
1341641208
264700475
2136755301
1910316871
1886050178
1046071705
1505137804
1417319975
1463379175
1672731606
2040129703
2086659774
1284361779
945038073
1343355275
1579740977
721992574
614439078
1167958376
1107134502
783916602
403827701
456339607
1428459702
345135903
901484577
1658160874
977307679
320720071
802048905
988052004
526166278
226275406
1995958206
391006804
543670006
1554362176
654336870
188768303
1004388978
691294078
622886072
774147272
1481909304
947778902
790557071
260827601
674422973
822820271
1592087370
437644778
753863005
1544420076
42611970
71359401
1266765301
404137807
603498273
731917873
1226958078
671561801
432442277
96417570
1561125072
1711924506
1783283907
480694373
461094379
1093876772
1518610401
964875178
1320284771
360010476
1372915173
1111573871
167220277
1686036000
1022578376
538060678
2082241678
2036201609
1266139174
995830802
1190590508
2107404673
750842102
351691871
2028858603
286449901
1024856778
2050019174
1125654709
1316627608
1935037278
1242322704
28661209
502914705
1504232778
1157164106
1151737003
1787237009
1670327376
700251109
1511359607
779434477
1359445172
833352807
524740772
1449139078
1437179
648011502
473023305
1310568501
1795026108
1182865672
2102412570
1680776674
1172762908
291381102
2017433005
337876872
86578177
467295071
1843721205
746704772
1640328605
528907504
1978205477
1351464373
487509706
1138577507
1783308308
331063700
317501071
299535705
1957829676
828443209
1788551505
2111665979
1230292478
629394277
46485000
199389404
12643005
1259676378
1762712075
1281927172
1776886972
1799129906
1969643877
1584872304
58887477
1908211801
314442506
4831174
1179215972
1393659673
675492106
1320744474
1875153705
1072149302
1464203301
1548106403
902536803
983936802
481856877
24263770
636612109
926800573
1112306073
856258400
1680645276
1154136304
1410275503
24212779
299326573
192077803
351818575
854306802
1550115278
1921978470
933865001
72146276
134243975
1283013772
1919793371
374658873
710379700
491820976
782525976
1267204008
1641419570
1029511404
286728507
26913571
377060076
1757849470
622464779
104428672
1421884172
1032991300
1903022906
1270684178
1952190406
2015668303
10901702
307404905
1072228179
1340396206
1592782173
582734079
320149272
187657177
1194866705
1414467105
982922870
159738178
899853274
85573505
932228209
726975479
1920363406
1939099802
2024673307
1032810705
169134802
607893001
450542778
1777880901
460196703
361694505
1037902475
652140874
787013004
426263705
1345544375
948444907
229500205
1212434772
1634329700
684802200
635689978
1471815204
2036963404
1596970009
16675375
724993372
349411902
1673438279
70836107
1067910870
654003872
1657595973
560159003
1554379679
1122955206
1381105470
1342841100
1285941104
329245277
1265229604
1526732777
499498071
1452428871
1518042806
859324902
212166079
436160802
1817266272
246175771
1686158805
1284969006
624760404
120734507
180233308
818244573
1311271604
1810769675
87774270
42328008
947099172
373964202
1383259975
1828555601
2074731373
1388304400
206361600
1109086677
393544808
1756898675
190998271
1565592174
2108115474
1570266608
595815075
1640289808
115625974
1605623973
1638538408
1550856602
2095325207
1840583602
1517029578
142474474
1534300075
1286242509
1874387307
1929675372
1677950301
855144804
1896885900
1862246905
24514371
864536307
1134849702
1059474904
1989994507
444108871
334328473
1609673409
1428700271
1315615174
1839876708
2078901500
2088763900
1048504609
1170334475
1615114906
1506478108
718312179
1474241373
654967277
149026970
959754576
617653579
1797222205
158843705
1230110905
1103866503
2022771900
1407548771
2127373504
868630478
743616773
690567701
1265325109
311776905
978084478
2133334670
594723571
1917815205
302099472
1327520807
697511602
15921570
939105902
1343442377
66344871
2040953979
500033772
1165012978
80538302
922748576
2010130503
1364259273
933042470
381788603
1013580773
1443096976
1401616201
1411516777
172592572
2076193407
1653233106
1540020407
1503881178
1836131072
1100164201
1434939406
307886909
2104927806
290426101
2025412176
1445702478
1622664574
1280764102
1766895575
2120958600
921387876
16185402
999222078
581847308
1070121772
1613509673
23468307
1098466874
1114652277
1517602006
861715405
591661601
1908517709
1410453103
544195979
349093002
208154700
795456473
279249071
1247769070
1165914206
1919307772
2066624879
1465930475
380200071
1069852870
312205906
1509967101
1784904779
54960402
1250588109
1687626509
432582077
1055013477
1753223009
52243672
1547311671
433189572
685459903
1416149706
254412506
910358704
379731706
257997203
563559879
831687201
1086099707
404682203
175077301
406101474
1127749008
870474070
374853707
1956573777
313109807
1320225908
1016657378
865646974
282328972
1872014403
637701276
1936056307
1738320371
959130475
1976942378
1539612977
1459822807
763650202
1370740900
1100511079
60322909
260039175
1434907507
1001661874
1955131370
548624901
1008287008
1070593473
1232038308
1375180706
1712828574
1283306305
1088527706
1651533079
2080473079
1192328208
1940935773
279315173
481665301
1193147408
2074881576
780612807
1942157506
1743399206
586569771
1766979478
1569159574
1610841502
663018370
927415176
157307978
1850231209
1762730203
1043333679
394262879
474314573
201606377
1001132709
167883804
1469874603
2010179908
710564702
739129470
1925183471
2093067275
134479203
1070923108
445550008
213615377
324133376
1399258374
727361704
1614582974
945600972
1398146609
591344275
1744626872
473965204
1956287505
670692601
928292103
1758738775
1917437674
387354377
1807563403
1338727978
1366484509
589521875
187696874
1970357307
1056296673
1358802904
454097804
1586966673
1057931770
1582453905
2079215977
285157009
1400186405
1711074201
1730188002
1349559502
45992974
272155803
533983900
1269508877
40738905
1081096203
820145506
1166449270
1438605074
316994276
1516566775
1315702670
1957344177
646378209
1838476377
1199777775
644482875
802638502
39589273
1106866676
857911006
1379166800
454522170
1187649500
791893109
1984503400
66699708
571156408
239204908
1706500976
1125437602
672808474
1637329606
294668270
414214200
251156976
1892161975
1662127073
758608307
1106151408
1889581907
253688808
1682659578
2096873778
2017719509
1675502706
732554603
474426070
786197400
1612460408
1639596977
1490879473
2005660208
557762708
1343960108
369149773
1401306870
1271065573
1130581606
650793307
480677176
2039505209
948393374
1747389370
516813902
508163478
898306609
997491078
575634409
1178961479
14840477
1305088379
1314975708
646173279
470720404
1675532671
187398602
1919100271
417789902
1953780276
1668262178
1196311201
62184478
1710981175
265157509
179962372
393582407
127129279
2035347808
1313678509
1817528777
1670593073
1721688008
1125075605
512444670
1853082873
1187954472
423191779
59513778
1817625971
1599972176
899990071
845354971
1198804209
859138502
793937077
446871170
37394571
2072007101
157480304
1030630677
275153708
1487384201
372021472
273414474
1730969578
615890504
741601305
257799576
974706908
1482142705
899150101
131668376
1603222977
1710724071
1337737606
494699074
263261109
3631074
2005653370
1461392700
189810971
1732045100
1529984406
1408562274
1399189973
2043039105
2046670179
1834061570
1774097679
481556106
1011351574
1202762305
1615326170
225736101
1869986701
1231227406
1657116805
1653677674
801060001
514106470
539041606
2047289375
343369377
1665199576
270944973
246638573
1099278807
2103913078
594377372
1025444903
564256976
385505877
522390104
1443396407
1664129001
972000874
7554204
928430305
139060003
732647908
846510605
183394109
1237847674
836858676
1955523507
1161510306
1807684375
979076102
1672212978
1853218976
1534401109
913541501
288779972
1267856075
825970403
1176319001
1987496303
1337214502
880185308
568708178
667780972
251324874
1663153402
906795678
1615829172
912837076
460246904
1923856909
1672952501
1937646277
630848304
87429003
1292251808
1000266079
224228107
1974960278
1515073602
107453909
1000235906
1087664909
808627373
2071904377
1887923576
690421177
1586200972
1467065479
431263807
1677225409
983777106
110478509
1560023177
1514767203
789682270
549620673
1675490774
1088030303
1836078002
691950175
1344478504
1339540979
1482126406
135987000
1260009607
1440853874
1368004774
1263543273
828313478
600073572
1801383204
194787407
293991773
1141368279
260961571
1510693075
1152202170
1866882103
864300400
403976273
1125261971
67053373
1716827778
432924571
419510375
1044853575
1520665578
1090009709
997754105
1244290271
10129277
279925176
1294337002
1483953074
1374171705
62132103
859040072
2136602402
953888707
1812928779
2018734670
1083299673
566763401
566111478
7002606
1141588302
1567284707
2044654004
2135059109
1528206509
2087129705
34841700
2064335805
954530505
1392736677
1547554974
1600747804
1065235604
1281681809
2037221370
1496498106
1384831679
2025949002
673880774
1469756471
1500064401
777038901
618206877
1129606302
1145197905
1586181070
1787864104
581860270
1660297300
1265081006
1789363305
291119404
2047205204
94250371
577839602
238986306
1949031676
1427411679
1402254406
224436970
1463470579
36590779
418817709
891913879
343534008
108422408
475943804
171506606
412443678
802240307
355189673
826544608
375561270
1722177309
777810675
259281777
1782800700
1597789501
1075711801
2034818773
1446408702
1636222002
264083000
64958200
771057271
853910305
563620905
827703905
354804205
419762405
1867519601
1152458707
1427801770
1746715205
1932943978
839920878
612523377
995089275
625458972
1196218575
28329675
1897299000
355829674
1762441177
2034946107
610046804
336145906
76516207
1943317976
137495306
423789179
886429077
1728747405
448470100
546845509
1378593402
1964318976
1082025672
1552250470
1416827079
1932902873
505239508
1398824609
1613940406
1787173273
923365807
881759806
1281103507
1651090872
2051897174
725848673
832483001
946600079
397451477
969282907
624494408
452402375
590975809
1376782803
866245576
1852602709
121949901
1063909874
347656673
1492474370
880281804
921618171
753123301
256015006
1943232372
956401377
1774244903
2119775106
1132598577
38453803
1524350576
802482778
2118100278
112010072
92679177
9440905
1805249376
83191000
943694275
1987904473
1364771402
948827472
1376685401
751135507
2010450709
2013759902
1362566005
904960802
913502201
1664637708
535818675
1781456178
154296771
177987201
884906170
120001806
1798408371
449350803
1478956877
400645000
1891455102
386891278
1420752971
922722171
539877006
1489858105
764568470
1165213470
1996379909
239495800
1473338109
644004701
2064757672
1997878004
1210608407
924948101
1388429674
1627925474
1141042102
1625470770
1381024208
78763972
2076641976
1223139379
1759031404
1033320301
1076234270
1962927776
1952903406
1765413078
987008803
1971306372
98274701
1174508971
1857022208
1625869074
109228770
438494178
1172304177
277628901
1459334274
1329109105
687859273
1092485805
1369356907
1621497102
803951174
2079981505
1896436979
407619707
933795772
180668203
1899922878
390723602
2012220704
1581599175
768606600
1050716708
1557906473
1738574676
369590901
1592747502
1550064100
1535898009
36136304
827127971
1659574808
900
