357666129
1653592617
1892799099
1945221182
1381448609
27512156
728515222
2008946479
176679139
295995846
1763397454
1660918898
1430890731
1154632936
302996882
1364750837
1629396630
1672905868
1224629737
1023919988
2136253543
623061497
2082410632
996998643
1342104280
333267311
380861905
1074960494
2109671853
2083037866
331281862
319854334
1589146835
76597313
117591868
823111797
104109469
846107090
684574628
280788608
1142102936
300488435
1941707506
425510020
1455121371
97220740
1790260857
937034353
1770126609
867406946
1960954341
1758896504
1490468444
1895881326
608411500
685089076
81664989
989273405
1760049570
43853195
924827623
2091331432
363707529
366490810
20445097
481299398
1189602607
124554566
1327406488
1874177236
405343174
322025777
27182023
199567033
747535797
1482303394
296787773
390313006
271854100
2066914382
1257719952
85324793
1678327239
600704748
1981206119
139255091
1285793824
2062871109
1128528496
898359747
2106724304
2053356119
842207531
322948185
272363281
862652629
804247583
1461965889
987207195
2131654072
225
121
900
